Файл: 1-4_kursy_s_21_09-26_09_2026.pdf
Всего слов: 373
Размер страницы: 595.5 x 841.9

     x0      x1     top     bot | text
--------------------------------------------------------------------------------
   22.1    31.9    17.9    22.9 | Дни
   57.9    71.6    17.7    22.7 | Часы
  304.1   313.8    17.7    22.7 | Дни
  339.6   353.3    17.7    22.7 | Часы
  154.6   186.8    20.4    30.4 | РУПО
  193.5   203.2    20.4    30.4 | 11
  272.4   287.5    20.4    28.4 | Ауд.
  436.3   468.5    20.4    30.4 | РУПО
  475.4   485.9    20.4    30.4 | 12
  553.0   569.8    20.6    28.6 | Ауд.
   18.5    35.9    26.6    31.6 | Недели
   53.5    76.1    26.6    31.6 | Занятий
  300.2   317.9    26.6    31.6 | Недели
  335.3   358.0    26.6    31.6 | Занятий
  434.4   466.5    34.0    42.0 | Русский
  469.4   487.7    34.0    42.0 | язык
   46.8    71.8    39.8    44.8 | 8:30-9:30
   83.8    87.8    38.1    46.1 | 1
  328.6   353.7    39.8    44.8 | 8:30-9:30
  365.5   369.5    38.1    46.1 | 1
  557.3   565.6    38.4    46.4 | 84
  432.0   469.5    42.9    50.9 | Ватолина
  472.8   489.6    42.9    50.9 | О.А.
  419.3   465.7    51.8    59.8 | Физическая
  468.9   503.3    51.8    59.8 | культура
  552.7   569.7    53.2    58.2 | Спорт
   43.5    75.5    57.5    62.5 | 10:00-11:00
   83.5    87.5    55.9    63.9 | 2
  325.4   357.2    57.5    62.5 | 10:00-11:00
  365.3   369.3    55.9    63.9 | 2
  429.6   472.7    60.7    68.7 | Демченков
  475.7   492.2    60.7    68.7 | В.А.
  556.8   565.1    62.1    67.1 | зал
  437.1   485.2    69.6    77.6 | Математика
   22.9    31.9    70.9    93.3 | 90.12
  304.7   313.7    70.9    93.3 | 90.12
   43.5    75.5    75.3    80.3 | 11:10-12:10
   83.5    87.5    73.6    81.6 | 3
  325.4   357.2    75.3    80.3 | 11:10-12:10
  365.3   369.3    73.6    81.6 | 3
  557.3   565.6    73.9    81.9 | 84
  431.5   470.3    78.4    86.4 | Макарова
  473.1   490.1    78.4    86.4 | Н.П.
   43.5    75.3    93.0    98.0 | 12:10-12:55
  325.4   357.1    93.0    98.0 | 12:10-12:55
   22.9    31.9    96.5   155.2 | киньледеноП
  304.7   313.7    96.5   155.2 | киньледеноП
   43.5    75.5   110.8   115.8 | 12:55-13:40
  325.4   357.2   110.8   115.8 | 12:55-13:40
  152.7   184.8   122.8   130.8 | Русский
  187.7   205.7   122.8   130.8 | язык
   83.3    87.3   126.9   134.9 | 4
  275.3   283.7   127.2   135.2 | 74
  365.1   369.1   126.9   134.9 | 4
   43.5    75.5   128.6   133.6 | 13:40-14:40
  325.4   357.2   128.6   133.6 | 13:40-14:40
  150.2   187.8   131.7   139.7 | Ватолина
  190.8   207.7   131.7   139.7 | О.А.
  155.3   203.2   140.6   148.6 | Математика
   83.5    87.5   144.7   152.7 | 5
  275.5   283.8   144.9   152.9 | 84
  365.3   369.3   144.7   152.7 | 5
   43.5    75.5   146.3   151.3 | 15:10-16:10
  325.4   357.2   146.3   151.3 | 15:10-16:10
  149.8   188.3   149.5   157.5 | Макарова
  191.3   208.3   149.5   157.5 | Н.П.
  137.5   183.9   158.4   166.4 | Физическая
  187.2   221.5   158.4   166.4 | культура
  270.7   287.9   159.8   164.8 | Спорт
   83.5    87.5   162.4   170.4 | 6
  365.3   369.3   162.4   170.4 | 6
   43.5    75.5   164.1   169.1 | 16:20-17:20
  325.4   357.2   164.1   169.1 | 16:20-17:20
  147.8   190.7   167.2   175.2 | Демченков
  193.9   210.4   167.2   175.2 | В.А.
  275.1   283.4   168.6   173.6 | зал
  161.1   197.4   176.1   184.1 | Биология
   83.5    87.5   180.2   188.2 | 7
  275.5   283.8   180.4   188.4 | 84
  365.3   369.3   180.2   188.2 | 7
   43.5    75.5   181.8   186.8 | 17:30-18:30
  325.4   357.2   181.8   186.8 | 17:30-18:30
  150.5   187.8   185.0   193.0 | Худякова
  190.5   207.6   185.0   193.0 | Н.А.
   83.8    87.8   198.0   206.0 | 1
  365.5   369.5   198.0   206.0 | 1
   45.1    73.8   199.6   204.6 | 8:30-10:00
  326.9   355.5   199.6   204.6 | 8:30-10:00
   43.5    75.5   217.4   222.4 | 10:30-12:00
   83.5    87.5   215.7   223.7 | 2
  325.4   357.2   217.4   222.4 | 10:30-12:00
  365.3   369.3   215.7   223.7 | 2
   22.9    31.9   223.3   245.9 | 90.22
  304.7   313.7   223.3   245.9 | 90.22
  152.2   206.3   229.4   237.4 | Информатика
  434.4   466.5   229.4   237.4 | Русский
  469.4   487.7   229.4   237.4 | язык
   43.5    75.5   235.1   240.1 | 12:10-13:40
   83.5    87.5   233.5   241.5 | 3
  276.0   283.8   233.7   241.7 | 13
  325.4   357.2   235.1   240.1 | 12:10-13:40
  365.3   369.3   233.5   241.5 | 3
  557.3   565.6   233.7   241.7 | 89
  148.8   190.1   238.3   246.3 | Тетенькин
  193.2   209.6   238.3   246.3 | Д.А.
  432.0   469.5   238.3   246.3 | Ватолина
  472.8   489.6   238.3   246.3 | О.А.
  155.3   203.2   247.2   255.2 | Математика
  438.5   483.7   247.2   255.2 | Литература
   22.9    31.9   248.9   286.8 | кинротВ
  304.7   313.7   248.9   286.8 | кинротВ
   43.5    75.5   252.9   257.9 | 13:50-15:20
   83.3    87.3   251.2   259.2 | 4
  275.5   283.8   251.5   259.5 | 84
  325.4   357.2   252.9   257.9 | 13:50-15:20
  365.1   369.1   251.2   259.2 | 4
  557.3   565.6   251.5   259.5 | 89
  149.8   188.3   256.0   264.0 | Макарова
  191.3   208.3   256.0   264.0 | Н.П.
  421.7   481.1   256.0   264.0 | Перевозчикова
  484.1   500.2   256.0   264.0 | Е.Н.
  137.1   148.2   264.9   272.9 | ОБ
  151.5   155.7   264.9   272.9 | и
  158.7   188.4   264.9   272.9 | защиты
  191.5   221.6   264.9   272.9 | Родины
  427.9   494.3   264.9   272.9 | Обществознание
   43.5    75.5   270.6   275.6 | 15:50-17:20
   83.5    87.5   269.0   277.0 | 5
  277.7   281.7   269.2   277.2 | 2
  325.4   357.2   270.6   275.6 | 15:50-17:20
  365.3   369.3   269.0   277.0 | 5
  557.3   565.6   269.2   277.2 | 89
  145.2   194.1   273.8   281.8 | Деветьярова
  197.0   213.1   273.8   281.8 | Е.А.
  431.7   470.3   273.8   281.8 | Семакина
  473.3   490.3   273.8   281.8 | Н.А.
  164.9   193.9   282.7   290.7 | Физика
  437.1   485.2   282.7   290.7 | Математика
   43.5    75.5   288.4   293.4 | 17:30-19:00
   83.5    87.5   286.8   294.8 | 6
  275.5   283.8   287.0   295.0 | 90
  325.4   357.2   288.4   293.4 | 17:30-19:00
  365.3   369.3   286.8   294.8 | 6
  557.3   565.6   287.0   295.0 | 84
  149.1   189.3   291.6   299.6 | Дектерева
  192.3   209.1   291.6   299.6 | О.А.
  431.5   470.3   291.6   299.6 | Макарова
  473.1   490.1   291.6   299.6 | Н.П.
   43.5    75.5   306.2   311.2 | 19:10-20:40
   83.5    87.5   304.5   312.5 | 7
  325.4   357.2   306.2   311.2 | 19:10-20:40
  365.3   369.3   304.5   312.5 | 7
  156.7   201.7   318.2   326.2 | Литература
   83.8    87.8   322.3   330.3 | 1
  365.5   369.5   322.3   330.3 | 1
   45.1    73.8   323.9   328.9 | 8:30-10:00
  275.5   283.8   322.5   330.5 | 89
  326.9   355.5   323.9   328.9 | 8:30-10:00
  139.9   199.3   327.1   335.1 | Перевозчикова
  202.1   218.1   327.1   335.1 | Е.Н.
  161.1   197.4   336.0   344.0 | Биология
   83.5    87.5   340.0   348.0 | 2
  275.5   283.8   340.3   348.3 | 89
  365.3   369.3   340.0   348.0 | 2
   43.5    75.5   341.7   346.7 | 10:30-12:00
  325.4   357.2   341.7   346.7 | 10:30-12:00
  150.5   187.8   344.8   352.8 | Худякова
  190.5   207.6   344.8   352.8 | Н.А.
   23.2    32.2   353.4   375.8 | 90.32
  164.9   193.9   353.7   361.7 | Физика
  304.9   313.9   353.4   375.8 | 90.32
  444.7   477.5   353.7   361.7 | История
   83.5    87.5   357.8   365.8 | 3
  275.5   283.8   358.0   366.0 | 90
  365.3   369.3   357.8   365.8 | 3
  557.3   565.6   358.0   366.0 | 84
   43.5    75.5   359.4   364.4 | 12:10-13:40
  325.4   357.2   359.4   364.4 | 12:10-13:40
  149.1   189.3   362.6   370.6 | Дектерева
  192.3   209.1   362.6   370.6 | О.А.
  435.3   468.2   362.6   370.6 | Окулова
  470.9   486.5   362.6   370.6 | Е.С.
  152.7   184.8   371.5   379.5 | Русский
  187.7   205.7   371.5   379.5 | язык
  446.6   475.8   371.5   379.5 | Физика
   83.3    87.3   375.6   383.6 | 4
  275.5   283.8   375.8   383.8 | 89
  365.1   369.1   375.6   383.6 | 4
  557.3   565.6   375.8   383.8 | 90
   23.2    32.2   379.0   405.1 | адерС
   43.5    75.5   377.2   382.2 | 13:50-15:20
  304.9   313.9   379.0   405.1 | адерС
  325.4   357.2   377.2   382.2 | 13:50-15:20
  150.2   187.8   380.4   388.4 | Ватолина
  190.8   207.7   380.4   388.4 | О.А.
  430.8   471.0   380.4   388.4 | Дектерева
  474.3   491.1   380.4   388.4 | О.А.
  444.7   477.5   389.2   397.2 | История
   83.5    87.5   393.3   401.3 | 5
  365.3   369.3   393.3   401.3 | 5
  557.3   565.6   393.6   401.6 | 89
   43.5    75.5   395.0   400.0 | 15:50-17:20
  325.4   357.2   395.0   400.0 | 15:50-17:20
  435.3   468.2   398.1   406.1 | Окулова
  470.9   486.5   398.1   406.1 | Е.С.
  427.9   494.3   407.0   415.0 | Обществознание
   83.5    87.5   411.1   419.1 | 6
  365.3   369.3   411.1   419.1 | 6
  557.3   565.6   411.3   419.3 | 89
   43.5    75.5   412.7   417.7 | 17:30-19:00
  325.4   357.2   412.7   417.7 | 17:30-19:00
  431.7   470.3   415.9   423.9 | Семакина
  473.3   490.3   415.9   423.9 | Н.А.
   43.5    75.5   430.5   435.5 | 19:10-20:40
   83.5    87.5   428.8   436.8 | 7
  325.4   357.2   430.5   435.5 | 19:10-20:40
  365.3   369.3   428.8   436.8 | 7
   45.1    73.8   448.2   453.2 | 8:30-10:00
   83.8    87.8   446.6   454.6 | 1
  326.9   355.5   448.2   453.2 | 8:30-10:00
  365.5   369.5   446.6   454.6 | 1
   43.5    75.5   466.0   471.0 | 10:30-12:00
   83.5    87.5   464.4   472.4 | 2
  325.4   357.2   466.0   471.0 | 10:30-12:00
  365.3   369.3   464.4   472.4 | 2
   22.9    31.9   473.6   496.1 | 90.42
  304.7   313.7   473.6   496.1 | 90.42
  437.1   485.2   478.0   486.0 | Математика
   43.5    75.5   483.8   488.8 | 12:10-13:40
   83.5    87.5   482.1   490.1 | 3
  325.4   357.2   483.8   488.8 | 12:10-13:40
  365.3   369.3   482.1   490.1 | 3
  557.3   565.6   482.4   490.4 | 84
  431.5   470.3   486.9   494.9 | Макарова
  473.1   490.1   486.9   494.9 | Н.П.
  137.1   148.2   495.8   503.8 | ОБ
  151.5   155.7   495.8   503.8 | и
  158.7   188.4   495.8   503.8 | защиты
  191.5   221.6   495.8   503.8 | Родины
  438.5   483.7   495.8   503.8 | Литература
   22.9    31.9   499.3   534.0 | гревтеЧ
  304.7   313.7   499.3   534.0 | гревтеЧ
   43.5    75.5   501.5   506.5 | 13:50-15:20
   83.3    87.3   499.9   507.9 | 4
  277.7   281.7   500.1   508.1 | 2
  325.4   357.2   501.5   506.5 | 13:50-15:20
  365.1   369.1   499.9   507.9 | 4
  557.3   565.3   500.1   508.1 | 83
  145.2   194.1   504.7   512.7 | Деветьярова
  197.0   213.1   504.7   512.7 | Е.А.
  421.7   481.1   504.7   512.7 | Перевозчикова
  484.1   500.2   504.7   512.7 | Е.Н.
  155.3   203.2   513.6   521.6 | Математика
  446.6   475.8   513.6   521.6 | Физика
   43.5    75.5   519.3   524.3 | 15:50-17:20
   83.5    87.5   517.6   525.6 | 5
  275.5   283.8   517.9   525.9 | 84
  325.4   357.2   519.3   524.3 | 15:50-17:20
  365.3   369.3   517.6   525.6 | 5
  557.3   565.6   517.9   525.9 | 90
  149.8   188.3   522.4   530.4 | Макарова
  191.3   208.3   522.4   530.4 | Н.П.
  430.8   471.0   522.4   530.4 | Дектерева
  474.3   491.1   522.4   530.4 | О.А.
  162.9   195.5   531.3   539.3 | История
  440.1   481.8   531.3   539.3 | География
   83.5    87.5   535.4   543.4 | 6
  365.3   369.3   535.4   543.4 | 6
   43.5    75.5   537.0   542.0 | 17:30-19:00
  275.5   283.6   535.6   543.6 | 83
  325.4   357.2   537.0   542.0 | 17:30-19:00
  557.3   565.6   535.6   543.6 | 59
  153.6   186.2   540.2   548.2 | Окулова
  189.1   204.7   540.2   548.2 | Е.С.
  433.4   468.8   540.2   548.2 | Марьина
  471.6   488.1   540.2   548.2 | Н.В.
   83.5    87.5   553.2   561.2 | 7
  365.3   369.3   553.2   561.2 | 7
   43.5    75.5   554.8   559.8 | 19:10-20:40
  325.4   357.2   554.8   559.8 | 19:10-20:40
  152.2   206.3   566.8   574.8 | Информатика
  418.8   429.9   566.8   574.8 | ОБ
  433.2   437.5   566.8   574.8 | и
  440.4   470.1   566.8   574.8 | защиты
  473.3   503.3   566.8   574.8 | Родины
   83.8    87.8   570.9   578.9 | 1
  276.0   283.8   571.2   579.2 | 13
  365.5   369.5   570.9   578.9 | 1
  559.5   563.5   571.2   579.2 | 2
   45.1    73.8   572.6   577.6 | 8:30-10:00
  326.9   355.5   572.6   577.6 | 8:30-10:00
  148.8   190.1   575.7   583.7 | Тетенькин
  193.2   209.6   575.7   583.7 | Д.А.
  426.9   476.1   575.7   583.7 | Деветьярова
  478.8   494.9   575.7   583.7 | Е.А.
  141.6   195.8   584.6   592.6 | Иностранный
  198.7   217.0   584.6   592.6 | язык
  433.9   488.3   584.6   592.6 | Информатика
   83.5    87.5   588.7   596.7 | 2
  275.5   283.8   588.9   596.9 | 84
  365.3   369.3   588.7   596.7 | 2
  557.8   565.6   588.9   596.9 | 13
   43.5    75.5   590.3   595.3 | 10:30-12:00
  325.4   357.2   590.3   595.3 | 10:30-12:00
  150.7   187.9   593.5   601.5 | Кусакина
  191.1   207.8   593.5   601.5 | О.В,
  430.5   471.8   593.5   601.5 | Тетенькин
  474.9   491.5   593.5   601.5 | Д.А.
   23.2    32.2   596.5   618.9 | 90.52
  304.7   313.7   596.5   618.9 | 90.52
  166.1   192.1   602.4   610.4 | Химия
  423.4   477.8   602.4   610.4 | Иностранный
  480.7   498.8   602.4   610.4 | язык
   83.5    87.5   606.4   614.4 | 3
  277.7   281.7   606.7   614.7 | 7
  365.3   369.3   606.4   614.4 | 3
  557.3   565.6   606.7   614.7 | 88
   43.5    75.5   608.1   613.1 | 12:10-13:40
  325.4   357.2   608.1   613.1 | 12:10-13:40
  148.6   189.8   611.2   619.2 | Степанова
  192.7   209.8   611.2   619.2 | И.И.
  432.5   469.8   611.2   619.2 | Кусакина
  472.8   489.6   611.2   619.2 | О.В,
   23.2    32.2   622.0   660.0 | ацинтяП
  304.7   313.7   622.0   660.0 | ацинтяП
   83.3    87.3   624.2   632.2 | 4
  365.1   369.1   624.2   632.2 | 4
   43.5    75.5   625.8   630.8 | 13:50-15:20
  325.4   357.2   625.8   630.8 | 13:50-15:20
   83.5    87.5   642.0   650.0 | 5
  365.3   369.3   642.0   650.0 | 5
   43.5    75.5   643.6   648.6 | 15:50-17:20
  325.4   357.2   643.6   648.6 | 15:50-17:20
   43.5    75.5   661.4   666.4 | 17:30-19:00
   83.5    87.5   659.7   667.7 | 6
  325.4   357.2   661.4   666.4 | 17:30-19:00
  365.3   369.3   659.7   667.7 | 6
   43.5    75.5   679.1   684.1 | 19:10-20:40
   83.5    87.5   677.5   685.5 | 7
  325.4   357.2   679.1   684.1 | 19:10-20:40
  365.3   369.3   677.5   685.5 | 7
   46.8    71.8   696.9   701.9 | 8:30-9:30
   83.8    87.8   695.2   703.2 | 1
  328.6   353.7   696.9   701.9 | 8:30-9:30
  365.5   369.5   695.2   703.2 | 1
   44.9    73.6   714.6   719.6 | 9:45-10:45
   83.5    87.5   713.0   721.0 | 2
  326.6   355.3   714.6   719.6 | 9:45-10:45
  365.3   369.3   713.0   721.0 | 2
   23.2    32.2   721.3   743.7 | 90.62
  304.7   313.7   721.3   743.7 | 90.62
   43.5    75.3   732.4   737.4 | 10:55-11:55
   83.5    87.5   730.8   738.8 | 3
  325.4   357.1   732.4   737.4 | 10:55-11:55
  365.3   369.3   730.8   738.8 | 3
   23.2    32.2   746.7   783.3 | атоббуС
  304.7   313.7   746.7   783.3 | атоббуС
   43.5    75.3   750.2   755.2 | 12:05-13:05
   83.3    87.3   748.5   756.5 | 4
  325.4   357.1   750.2   755.2 | 12:05-13:05
  365.1   369.1   748.5   756.5 | 4
   83.5    87.5   766.3   774.3 | 5
  365.3   369.3   766.3   774.3 | 5
   43.5    75.5   767.9   772.9 | 13:20-14:20
  325.4   357.2   767.9   772.9 | 13:20-14:20
   83.5    87.5   784.0   792.0 | 6
  365.3   369.3   784.0   792.0 | 6
   43.5    75.5   785.7   790.7 | 14:30-15:30
  325.4   357.2   785.7   790.7 | 14:30-15:30
   83.5    87.5   801.8   809.8 | 7
  365.3   369.3   801.8   809.8 | 7
   43.5    75.5   803.4   808.4 | 15:40-16:40
  325.4   357.2   803.4   808.4 | 15:40-16:40
